0
604 48
585 444
585 444
552 405
585 372
180 3
1 1 1 1 1 1 1 1 1 1 1 1 1 1 1 1 1 1 1 1 1 1 1 
1 2 2 9 2 2 2 2 2 1 1 2 2 2 2 2 2 2 2 2 2 2 1 
1 2 1 1 1 1 2 1 2 1 1 2 1 2 1 1 2 1 1 1 1 2 1 
1 3 1 0 0 1 2 1 2 1 1 2 1 2 1 1 2 1 0 0 1 3 1 
1 2 1 1 0 1 2 1 2 2 2 2 1 2 2 2 8 1 0 1 1 2 1 
1 2 2 1 0 1 2 1 1 1 1 1 1 1 1 1 2 1 0 1 2 2 1 
1 1 2 1 0 1 2 2 2 1 1 1 1 1 1 2 2 1 0 1 2 1 1 
1 1 2 1 0 1 1 1 2 2 2 2 2 2 2 2 1 1 0 1 2 1 1 
1 2 2 1 0 1 2 2 2 1 1 0 1 1 1 2 2 1 0 1 2 2 1 
1 2 1 1 0 1 2 1 2 1 1 0 1 1 1 2 1 1 0 1 1 2 1 
1 2 1 0 0 1 2 1 2 2 2 6 3 2 2 2 1 1 0 0 1 2 1 
1 4 1 1 0 1 2 1 1 1 1 1 1 1 1 1 1 1 0 1 1 7 1 
1 2 2 2 0 2 2 2 2 2 2 2 2 2 2 2 2 2 0 2 2 2 1 
1 2 1 1 1 1 2 1 1 1 1 1 1 1 1 1 1 1 2 1 1 7 1 
1 8 1 2 2 2 2 1 2 2 2 2 2 2 2 2 1 2 2 2 1 2 1 
1 2 1 2 1 1 1 1 2 1 1 1 1 1 1 2 1 1 1 2 1 2 1 
1 2 2 2 1 3 2 2 2 1 3 0 3 1 2 2 2 2 2 2 1 8 1 
0 0 0 0 0 0 8 0 0 0 0 5 0 0 0 0 0 0 0 0 0 0 0 
1 1 1 1 1 1 1 1 1 1 1 1 1 1 1 1 1 1 1 1 1 1 1 
